4294967294,0
4294967278,379
4294967279,347
4294967278,506
4294967278,132
4294967278,129
4294967278,127
4294967278,466
4294967278,126
4294967278,465
4294967278,124
4294967278,123
4294967278,477
4294967278,461
4294967278,292
4294967278,460
4294967278,118
4294967278,510
4294967278,116
4294967278,115
4294967278,114
4294967278,113
4294967278,215
4294967278,111
4294967278,476
4294967278,110
4294967278,109
4294967278,365
4294967278,108
4294967278,104
4294967278,102
4294967278,100
4294967278,99
4294967278,98
4294967278,97
4294967278,471
4294967278,94
4294967278,92
4294967278,91
4294967278,90
4294967278,89
4294967278,87
4294967278,86
4294967278,85
4294967278,84
4294967278,82
4294967278,353
4294967278,75
4294967278,73
4294967278,334
4294967278,71
4294967278,70
4294967278,69
4294967278,68
4294967278,65
4294967278,63
4294967278,62
4294967278,60
4294967278,59
4294967278,348
4294967278,174
4294967279,156
4294967279,79
4294967279,341
4294967279,76
4294967279,73
4294967279,71
4294967279,61
4294967279,58
4294967279,57
4294967279,45
4294967279,39
4294967279,36
4294967279,35
4294967279,34
4294967279,33
4294967279,32
4294967279,30
4294967279,29
4294967279,27
4294967279,26
4294967279,25
4294967279,24
4294967279,23
4294967279,22
4294967279,16
4294967279,14
4294967279,13
4294967279,12
4294967279,10
4294967279,9
4294967279,7
4294967279,6
4294967279,4
4294967279,539
4294967279,21
4294967279,538
4294967279,20
4294967294,12
4294967294,68
4294967294,11
4294967279,533
4294967278,268
4294967279,11
4294967279,537
4294967279,8
4294967278,333
4294967279,5
4294967279,321
4294967278,494
4294967278,122
4294967278,493
4294967278,131
4294967278,251
4294967278,370
4294967278,130
4294967278,296
4294967294,1098
4294967278,128
4294967278,367
4294967278,323
4294967278,125
4294967279,565
2373,6
2373,5
4294967279,316
2373,4
2373,3
2373,2
2373,1
4294967278,121
4294967278,112
4294967278,120
4294967278,119
4294967278,244
4294967278,117
4294967278,217
4294967279,536
4294967279,231
4294967278,230
4294967279,229
4294967294,449
4294967294,1
4294967279,227
4294967278,107
4294967278,335
4294967279,288
4294967278,106
4294967278,341
4294967279,238
4294967278,105
4294967278,449
4294967279,544
4294967278,218
4294967294,52
4294967294,51
4294967294,82
4294967278,103
4294967278,366
4294967279,215
4294967278,101
2370,6
2370,5
4294967278,211
2370,4
4294967279,211
2370,3
2370,2
2370,1
4294967279,542
4294967278,210
4294967279,534
4294967294,5
4294967294,81
4294967294,50
4294967294,88
4294967278,96
4294967278,340
4294967279,360
4294967294,93
4294967294,95
4294967279,543
4294967279,0
4294967294,83
4294967278,95
4294967278,463
4294967279,137
4294967294,436
4294967294,1003
4294967294,92
4294967278,93
4294967278,361
4294967279,205
4294967279,232
4294967279,204
4294967278,202
4294967279,200
4294967278,201
4294967279,201
4294967278,200
4294967278,83
4294967278,197
4294967294,27
4294967294,1425
4294967294,427
4294967278,196
4294967294,7
4294967294,6
4294967279,82
4294967278,79
4294967278,81
4294967279,81
4294967278,80
4294967278,192
2367,7
4294967278,78
4294967279,78
4294967278,77
4294967278,76
4294967278,235
4294967278,188
4294967279,188
4294967278,74
4294967279,187
4294967278,72
4294967279,355
2367,6
2367,5
2367,4
2367,3
2367,2
2367,1
4294967278,182
4294967279,68
4294967279,285
4294967279,59
4294967278,67
4294967278,483
4294967279,67
4294967278,66
4294967278,337
4294967279,66
4294967279,284
4294967279,178
4294967278,64
4294967278,373
4294967278,176
4294967278,61
4294967279,338
4294967278,492
4294967278,260
4294967279,54
4294967279,340
4294967279,53
4294967278,272
4294967278,0
4294967278,345
4294967278,299
4294967279,50
4294967279,349
4294967279,48
2364,6
4294967278,158
2364,5
2364,4
2364,3
2364,2
2364,1
4294967278,487
4294967279,42
4294967279,358
4294967278,450
4294967294,481
4294967279,335
4294967278,150
4294967278,149
4294967279,31
4294967278,144
4294967279,309
4294967278,308
4294967279,226
4294967279,174
4294967279,28
4294967279,224
4294967278,136
4294967278,135
4294967279,270
2361,6
2361,5
2361,4
2361,3
2361,2
2361,1
4294967279,19
4294967279,529
4294967279,541
4294967278,229
4294967279,18
4294967278,274
4294967279,17
4294967294,1016
4294967279,15
4294967279,382
4294967278,267
4294967278,281
4294967279,322
4294967294,1421
2358,4
4294967279,253
2358,3
2358,2
2358,1
4294967279,259
4294967279,515
4294967279,514
4294967279,512
2357,4
2357,3
2357,2
2357,1
4294967279,553
4294967278,325
4294967279,319
4294967278,324
4294967279,318
4294967278,454
4294967279,317
2356,6
0,5
4294967279,250
4294967278,254
2356,5
4294967279,249
4294967279,248
2356,4
2356,3
2356,2
2356,1
4294967279,247
4294967278,246
4294967279,245
4294967294,480
4294967279,243
4294967279,532
4294967279,260
4294967279,241
2355,5
4294967279,237
4294967278,237
2355,4
4294967279,236
2355,3
2355,2
2355,1
4294967278,236
4294967294,187
4294967294,399
4294967294,385
4294967294,415
4294967294,444
4294967294,167
4294967294,450
4294967294,455
4294967294,467
4294967294,448
4294967294,408
4294967294,191
4294967279,235
4294967278,234
4294967279,531
4294967279,225
4294967279,223
4294967279,217
4294967279,221
2354,5
2354,4
4294967279,219
2354,3
2354,2
2354,1
4294967279,287
4294967294,39
4294967294,36
4294967294,1420
4294967278,358
4294967278,376
4294967279,303
4294967278,303
4294967279,549
4294967279,212
4294967278,490
4294967279,571
4294967278,212
2353,5
4294967278,452
4294967279,210
2353,4
2353,3
